2.556616652042989202e+01
2.763985616804999168e+01
2.991489098484241183e+01
3.271803204642566953e+01
3.628994833341194237e+01
4.066720883213163518e+01
4.596284665894870614e+01
5.217198592729022266e+01
5.928952820995306183e+01
6.728805166732379917e+01
7.617912051992091449e+01
8.615150468070204681e+01
9.718504870008102614e+01
1.092852877368661808e+02
1.225245744962787739e+02
1.371015014646584405e+02
1.536475616046834034e+02
1.735717043532789035e+02
1.996549482481120776e+02
2.373765675487170483e+02
2.962328518172025156e+02
3.926714108173727027e+02
5.496571257952792848e+02
7.916051338403171940e+02
1.143410758337953894e+03
1.614649365177127038e+03
2.182512455573933494e+03
2.802406983985432817e+03
3.417536891856391321e+03
3.974690180150978904e+03
4.438633361724601855e+03
4.801745406331310733e+03
5.077570453149942296e+03
5.284708656294146749e+03
5.442868398000217894e+03
5.570683244428208127e+03
5.679958624942465576e+03
5.777455630563470550e+03
5.869541512747375236e+03
5.961509718927624817e+03
6.055816847081051492e+03
6.154336194262230492e+03
6.259216712057199402e+03
6.371695921163769526e+03
6.491185691199487337e+03
6.616421304710169352e+03
6.747346940680713487e+03
6.884115129066979534e+03
7.026012101349730983e+03
7.173106704510982127e+03
7.324913704338757270e+03
7.479391708669920263e+03
7.634366255296989948e+03
7.788491325602939469e+03
7.938839452588954373e+03
8.080513910742797634e+03
8.209414673214207141e+03
8.322009834023936492e+03
8.415776293373210137e+03
8.490777003906094251e+03
8.548321226787873456e+03
8.590543918766148636e+03
8.619832504826019431e+03
8.638632434364788423e+03
8.648390656046407457e+03
8.649042011770499812e+03
8.638826898001625523e+03
8.616217923545966187e+03
8.581497837506483847e+03
8.537766231157358561e+03
8.492121622915967237e+03
8.455834603205532403e+03
8.441804080769012216e+03
8.462343256569845835e+03
8.532308756987706147e+03
8.665412688616164814e+03
8.870665272314738104e+03
9.150576523481291588e+03
9.496336525286265896e+03
9.886216408627302371e+03
1.028768073730920696e+04
1.065932679256593656e+04
1.096402250144112440e+04
1.117948680217244510e+04
1.129760338252274778e+04
1.132015429868863612e+04
1.125372112534571352e+04
1.110252933565965577e+04
1.086739409851462915e+04
1.054574347431829119e+04
1.013427908856228350e+04
9.639081892391568545e+03
9.078161203624318659e+03
8.481034180886988906e+03
7.882686362732591078e+03
7.314718441339908168e+03
6.800028267183294702e+03
6.352733485105180989e+03
5.979892213764913322e+03
5.680773584422414388e+03
5.448323173442486222e+03
5.272169705071109092e+03
5.141264771552939237e+03
5.045551800488360641e+03
4.977749686035384002e+03
4.931646136838848179e+03
4.900729045084716745e+03
4.880533613398442867e+03
4.868111051984994447e+03
4.859909160051727667e+03
4.852515103109945812e+03
4.844540707686070164e+03
4.835854528736495922e+03
4.825344813541867552e+03
4.812678041173973725e+03
4.799474280832862860e+03
4.788107991417560697e+03
4.779477666234960452e+03
4.773598098684856268e+03
4.770999357394796789e+03
4.769739221802916290e+03
4.765368242646304680e+03
4.754401945600997351e+03
4.733982201653095217e+03
4.702645836685189352e+03
4.660657215690893281e+03
4.609128667047048111e+03
4.550587107417545667e+03
4.488298495847815502e+03
4.425534730152328848e+03
4.366387547659529446e+03
4.316601221765175069e+03
4.282148972685357876e+03
4.269131607744806388e+03
4.283284453250700608e+03
4.329608875678557524e+03
4.413136879991603564e+03
4.538032485304721376e+03
4.710027887054281564e+03
4.934744734671699916e+03
5.210725074811232844e+03
5.528663019373505449e+03
5.873652744245147005e+03
6.221682493568982864e+03
6.537425069771365997e+03
6.787746805180425326e+03
6.949343459431323936e+03
7.015042333879666330e+03
7.009111271912602206e+03
6.984996741352181743e+03
7.006114376909304156e+03
7.136998434533724321e+03
7.420082051824007067e+03
7.869551005379089474e+03
8.476549944432379561e+03
9.201617811617827101e+03
9.970107517982087302e+03
1.068189916303282189e+04
1.122956325216249934e+04
1.151574447698579752e+04
1.148782232157845465e+04
1.115104613986115510e+04
1.054569832132628471e+04
9.742887312157337874e+03
8.829625599140561462e+03
7.887302502797895613e+03
6.980883753342804994e+03
6.145747972970656519e+03
5.382649392308268034e+03
4.666081941581072897e+03
3.967360423647786774e+03
3.278269069408686846e+03
2.619945753898292878e+03
2.029574221977158913e+03
1.538565320166174388e+03
1.163105687878750814e+03
8.979471887149533131e+02
7.198299466866934608e+02
6.025485036780563632e+02
5.241182860943971491e+02
4.692766614181072100e+02
4.291414344424550222e+02
3.985384208841310283e+02
3.749024158502278397e+02
3.569208801536483406e+02
3.433313464418342278e+02
3.331867021159005162e+02
3.258328885416563026e+02
3.205544650246651486e+02
3.169347545627533123e+02
3.146387495032773245e+02
3.131504328017849161e+02
3.120127042454595312e+02
3.108800514874088776e+02
3.095740092253116131e+02
3.080044952747544471e+02
3.059243875490570304e+02
3.030329098661475768e+02
2.995172482063247799e+02
2.957482944720375144e+02
